1.8708329999999975
1.8566370000000063
1.8444360000001012
2.036498000000165
1.896603999999968
1.7622120000000905
1.7367310000000202
1.9376479999999674
1.8775639999999498
1.8678609999998912
1.832760000000178
1.844117000000665
1.6735119999997323
1.8522879999999304
1.6723549999994702
1.824172999999746
1.754572999999823
1.9201120000008132
1.8705870000000004
1.8355619999994133
1.9535649999997986
3.4258660000000205
4.570363000000043
4.450017000000088
4.345406000000082
3.8193249999994805
3.763251999999852
4.190999000000602
3.446163000000297
3.5521469999997635
3.4835509999998067
3.66332699999964
3.631051999999613
3.766156999998657
3.6134819999999763
3.680574999998271
4.183075000000599
3.725794000001997
4.427002000001039
4.001831000001403
4.4058819999993375
4.159459000001789
4.203377000001183
4.825963000000002
3.5127890000017032
3.6103939999948125
3.6152070000011918
3.2896649999993315
1.0301950000000204
1.3059900000000226
1.374929999999864
1.2817589999999086
1.388535999999874
1.3156010000000151
1.3972470000001636
1.3771559999996725
1.4097719999998617
1.3747019999997292
1.4663170000000427
1.676029000000014
1.8120790000000966
1.8312090000001717
1.7863920000002622
1.6974259999998367
1.5550960000005034
1.6767909999997528
1.6257180000000062
1.7187469999998939
1.6483729999995376
1.7980649999983598
1.6962420000004386
1.7234959999993862
1.715378000000328
1.7729949999998098
1.8289099999999507
1.8791079999989506
2.0837550000007923
1.9877579999990758
1.9780890000004092
1.9166870000005929
1.9461930000002212
1.9105650000001333
1.8157949999986158
1.7876780000019608
1.907454999998663
1.9614600000008977
1.7068779999963226
1.963310999999976
1.8225679999968634
1.5858799999991788
1.8787079999997331
1.9568000000012944
1.605167999999594
1.8884880000018711
1.8136560000016289
1.9016430000015134
1.856666000000132
1.8475910000020122
1.8385830000020178
1.9580640000003768
1.781464000001506
1.9079189999938535
1.9954880000004778
1.8922719999973197
1.841009000005215
1.979547999998431
1.9370149999995192
1.8705589999945005
1.8469050000067
1.64898600000015
1.6385780000009618
1.7986719999998968
1.9213100000060876
1.7213270000002012
1.8267809999970268
1.883485000004839
1.834855999991305
1.798559999995632
2.058460000001105
0.7990650000000024
0.6111729999999653
0.6737130000000064
0.5728160000000742
0.5488169999999855
0.6273759999999697
0.6198440000002279
0.5898519999998371
0.5516770000000406
0.5247110000003659
0.5508479999998599
0.619101999999998
0.6251740000000154
0.5967399999998406
0.6194290000006504
0.5363530000004175
0.5523759999994127
0.5680889999994179
0.5564950000002682
0.6455949999997301
0.5230619999999817
0.5218179999999393
0.54669299999955
0.6012650000006943
0.5527569999994739
0.5653789999998935
0.5777990000003683
0.5758010000001832
0.5540480000001935
0.7317389999999975
0.5483570000000384
0.6114820000000378
0.5407520000000545
0.5236629999998854
0.5432459999999537
0.5649910000001341
0.5204469999997059
0.5609130000002551
0.5349970000000894
0.5798169999993661
0.5635639999998148
0.5280160000003207
0.5639830000002348
0.5319969999998193
0.5942849999998998
0.5511120000004439
0.5341540000000577
0.5535099999996191
0.5365479999996978
0.524658999999815
0.5996070000003328
0.6339150000005702
0.6025810000003275
0.4406299999998282
0.5533680000000913
0.6309279999995852
0.4918050000007952
0.5320500000000266
0.573451000000432
0.6255700000001525
0.5625139999997373
0.5757950000011078
0.6154060000012578
0.5496239999995396
0.5284760000004098
0.5643000000004577
0.5237259999998969
0.5894320000002153
0.5608920000004218
0.48624000000040724
0.65615200000002
0.5604489999999629
0.5298629999999491
0.5607980000000055
0.5718639999999482
0.5945430000000727
0.5919620000000236
0.5808670000001257
0.5675569999996242
0.5590519999998378
0.6190339999998287
0.6215080000002899
0.5721150000006219
0.5348470000003545
0.5580649999998286
0.5384230000003072
0.5866019999997434
0.573144999999954
0.5736899999996012
0.564288999999917
0.5470979999996644
0.555496999999832
0.5441660000008142
0.577989000000116
0.43026799999915966
0.5957039999996141
0.5913510000004862
0.5666719999996985
0.6079600000002756
0.5431859999996504
0.5715179999997417
0.5563170000002629
0.5534810000001471
0.6345110000002023
0.5740549999995892
0.5750720000000911
0.5715260000004037
0.5246820000002117
0.6091760000001614
0.5377250000005915
0.5684010000002218
1.204535
1.3677770000000038
1.3399430000000336
1.335391999999871
1.2478290000000243
1.3441139999999336
1.3426399999999035
1.3323109999999758
1.3358800000001452
1.3885779999999954
1.2871579999999199
1.3347059999998692
1.2903660000001196
1.295851999999627
1.1426919999997835
1.050541999999382
1.208515999999804
1.2166310000001204
1.2759020000000874
1.2198219999993398
1.383078000000296
1.4231919999992897
1.3860360000003311
1.3046679999986281
1.2471019999991313
1.2099890000001778
1.3470980000004147
1.2984710000000632
1.360648999998375
1.2979729999999563
1.3607350000004317
1.2564200000003893
1.2895950000020093
1.372502000001532
1.50557800000297
1.2963200000008328
1.3333100000022569
1.2663589999997384
1.3625910000023396
1.2920959999987645
1.2235380000006444
